assertions	Climate Change	 Vegetarian & Vegan Lifestyle	Black Lives Matter	Creationism in school curricula	Foreign Aid	Gender Equality	Gun Rights	Legalization of Marijuana	Legalization of Same-sex Marriage	Mandatory Vaccination	Media Bias	Obama Care -- Affordable Health Care Act	US Engagement in the Middle East	US Electoral System	US Immigration	War on Terrorism
1	0.45147852564157037	0.6163099483550273	0.45043945811973163	0.449043750589551	0.010662142798870485		0.7482210339837009	0.08935217694073576	0.5661572884196647	0.28308725740746277	0.4875159200278623	0.4854318529536172	0.13334995554409587	0.14696160943825887	0.10839120101778627	0.37137685686445565
2	0.48188658276691076	0.6733533132697922	0.6700122303230925	0.5197462141822363	0.035084164147366606		0.7710314631267267	0.13258750431303742	0.632994381585423	0.4377988005089935	0.594764931755856	0.5348528414794596	0.15126742324867784	0.12829538203874602	0.1253253087022392	0.43343480696257713
3	0.5069928071964542	0.7166175174067699	0.6901987649937998	0.555649840066698	-0.04778553058251038		0.8185940423442419	0.05342404029517687	0.6522713549601713	0.5940229243417254	0.6284597091939426	0.5612091699243313	0.17792360873286375	0.2176990635446587	0.16188126153403823	0.5288280423419109
4	0.5451858166818963	0.7323253313764049	0.7099460562680754	0.5778478189289057	-0.08484073211548974		0.8166650472323439	0.08726884500485754	0.6611010039823221	0.6396114433794239	0.6712982773485716	0.5866330248715812	0.1882459074864372	0.22819715826616976	0.2958320466183172	0.5958794578079689
5	0.5734954666220627	0.7032243358246884	0.7438764380959326	0.6119033411313612	-0.090009235300848		0.8225038947620029	0.05951862446240782	0.6879131475856884	0.6641958110904158	0.7008932495234238	0.5939657732345976	0.1522191970617312	0.2781178619980212	0.4303983152530363	0.600671118756149
6	0.6996062799008982	0.702211590493891	0.77704665129474	0.6084744563174325	-0.08137126468580563		0.8308853044805354	0.08945379149404543	0.6723683908895747	0.6586465376670136	0.7377020658886784	0.6065362093462189	0.2296767733752127	0.34573903164752195	0.48472540734930125	0.614309382921292
7	0.7256400253922518	0.7229005965672671	0.7774560105313096	0.6321671969805925	-0.06448127258599617		0.8336044164508385	0.10613925924125209	0.6868928742901483	0.6781763139106859	0.7441423830743121	0.6385776213448753	0.2971759646858222	0.3902190621702754	0.5459348613342356	0.6292623072298863
8	0.7269728945533497	0.7180728208684243	0.7939402176136595	0.6451748099653036	-0.10812028953734425		0.8395399565879974	0.08446975689049771	0.6941086654725285	0.7036916797417352	0.7448205121374314	0.6614224918258872	0.3101774595283386	0.42000211810020593	0.5287028860263214	0.6442111066982451
9	0.7439613782356305	0.7219872014074306	0.7978582829935892	0.6417109673466885	-0.015616743853121284		0.8384667511866337	0.10088627800195486	0.7030307782369931	0.7226983719433377	0.7407721615875562	0.6688641948088727	0.3309958591243925	0.44345878276789047	0.5983879335075581	0.6444785592454286
10	0.7432122763104531	0.7268797786579049	0.7982962571810196	0.6331431384428883	0.003387787252422521		0.8429474035668831	0.09243948412965047	0.7044105277537017	0.746595482575161	0.7515312736896856	0.6744601679063352	0.34440551762186244	0.4565194191990977	0.6353071418172817	0.6673857951886527
11	0.75285263592123	0.7237146367908477	0.8069988064010004	0.6499247366445088	0.05977786726838783		0.8436311042603808	0.08053299911677905	0.7026947340738646	0.7744603044904631	0.7619875183566114	0.6938367439371255	0.34898149647016813	0.4868152594659251	0.6564438829625475	0.678265459682934
12	0.753940056839625	0.7153784237650146	0.8171133260769423	0.6573932147272955	0.0883593102970692		0.8481752676593189	0.08611207643336571	0.703982143004916	0.7907026871306778	0.7639451300056933	0.6998241443393057	0.3902270005152232	0.5144814912441678	0.6795784924402691	0.6750728658678156
13	0.7512209977108942	0.7174891045146705	0.8202784635972472	0.6701219651705154	0.15358797613241312		0.8470864335964771	0.10708108786083116	0.714430893615968	0.7940305917658077	0.7664501032103015	0.7075420558931041	0.3936744337377347	0.535232197835048	0.6847346809259933	0.6819350797347019
14	0.7460851176423834	0.715487598180408	0.8352091108551495	0.6648740865791788	0.1918581716750424		0.852095522949931	0.09105351593778677	0.7159412362208061	0.7994694751391682	0.7658057886572529	0.7024756143377268	0.3974806410932799	0.5363808692472718	0.6935538393099506	0.6956047935755901
15	0.7468997464199231	0.7139578195411809	0.8358592825477978	0.6598916530972586	0.20473258184858079		0.8483821097618185	0.0817380280984353	0.7154945702632904	0.8039976723338778	0.7752867509074411	0.7077365619931631	0.4009537578645563	0.5455257110155036	0.7159966347647221	0.6992876390083482
16	0.7361666674999906	0.7188304205609595	0.840228208533007	0.6719305502202614	0.22661329643017206		0.8477374707908457	0.08269594933868232	0.7207048462902612	0.819023850137877	0.7835704296539544	0.7185505167879778	0.40920376424432237	0.5531023278757794	0.7329220671546506	0.7098614094963537
17	0.7308212371890837	0.72700010346171	0.846892443272526	0.6653275691964086	0.23880563851667633		0.8485438490170877	0.0730817511979344	0.7208138520650746	0.8223515074023797	0.7813686844456359	0.7213586549694185	0.4223339001353111	0.5670672914749789	0.746661549217488	0.7208469242358819
18	0.7311751299490715	0.7260623693289373	0.8536526551247117	0.6693228032757217	0.2756626443778331		0.8530561921495988	0.09261747522780119	0.7160825844643655	0.8337545748114348	0.7787434373747582	0.7302365008451335	0.4364520415626756	0.5702008228605868	0.7523899858904479	0.7134967871015954
19	0.7327063050176035	0.7211022123473972	0.8581427220019225	0.6732789174177831	0.32239582159627234		0.8502872495247048	0.09599283993265009	0.7159754841716914	0.8392139080981924	0.7818735344560005	0.7375863306355708	0.4607416504028501	0.5800550600390832	0.7564787670341947	0.7253762141664227
20	0.7456213610067585	0.7215109496686071	0.8597189910257383	0.6808646058846791	0.3599186430151126		0.8489782733255955	0.09218627168709378	0.7139783475617919	0.8403988921060854	0.7867666955975939	0.7369616799549268	0.4606759744837256	0.5798357701446398	0.7648577900545317	0.7316365544552016
21	0.7483826450331267	0.7241255168298545	0.8652477173864584	0.6889461455105637	0.3895551235654187		0.8453829105263289	0.11888045426619621	0.7092539636452878	0.8397469813188053	0.7950623026613028	0.7360696745206783	0.48126677807583434	0.5784344747770376	0.757410802258411	0.7394251963890583
22	0.7541273655194511	0.7267455704797434	0.8689993697275338	0.6947726342660714	0.42590642570248405		0.8424693011987348	0.13962400192994073	0.7072583408634242	0.8413164057444706	0.8038283601589987	0.7415320584710116	0.49166874199805005	0.5782727151656476	0.7603274274896443	0.7434701401420221
23	0.7596613612048762	0.7259401142299753	0.8696512688161995	0.7029905345373875	0.43651461081257675		0.8444401269090321	0.13909192346983157	0.7100820669260384	0.8425170226880256	0.8052490294778113	0.7482390913386966	0.4904650662217186	0.5857484306545832	0.7618501768164754	0.7523234903752357
24	0.7622884798537398	0.7200565066896807	0.87197331075238	0.7058548000639712	0.4589123971000628		0.8479057138312064	0.14688878670082517	0.7110868058067857	0.8465986583931656	0.8110996315636824	0.749216819639853	0.493866320489277	0.5944170676759846	0.7664499490825812	0.7600156845025011
25	0.7682701552295688	0.7185377592194151	0.8718476790321893	0.705202592666609	0.4638143018981483		0.8501313235047052	0.14620689437510756	0.7094896556642851	0.8424397241693601	0.8148998617705607	0.7551448119790494	0.5089888641527773	0.6010267148200003	0.774509839242116	0.7624580364090063
26	0.7683072223037499	0.7296750088316174	0.8746404248411754	0.7138721329648255	0.4801358416662938		0.8493598096578057	0.1625536363441412	0.7091786490283014	0.845816966897951	0.8133118695996328	0.7551192256810975	0.5115054902766999	0.6038543665281729	0.7859284992881258	0.7642010058164098
27	0.7732040753866882	0.7263001223785561	0.8736260816634691	0.7160315463329635	0.4904459882156907		0.8500435621894429	0.16465875597307192	0.7099704226333907	0.848104281455128	0.8186765053725416	0.7598367757882658	0.5198663673404971	0.5996525545011486	0.7868630519598769	0.76926554236674
28	0.7713461099955607	0.7345441979459917	0.8771998306256018	0.7155388879621601	0.5040404505651724		0.8516980494057864	0.17999976529232337	0.7179034299348823	0.8456472220549073	0.8226644139285945	0.7645263033503396	0.5367549787452875	0.6133175421099037	0.7884052563384474	0.7741211536211678
29	0.7754069569430067	0.7357705199684219	0.8776567733864755	0.71702698360038	0.5069465472536094		0.8498520374277525	0.19165532458469908	0.7203218060969163	0.8469793530534346	0.82461146214091	0.7653057445475469	0.5444762600970959	0.6115802445289884	0.7926635947031248	0.7779479435647577
30	0.778607652298077	0.7368907369919675	0.8798953527916387	0.7224525017629071	0.515522747852659		0.8502632341162302	0.18948688484966902	0.7161471039148102	0.8482674578106106	0.8217174191196224	0.7687223388454749	0.5569195433765182	0.6110599916110592	0.7980229189173936	0.7832513466203345
31	0.7800781382377612	0.7333499714125151	0.8798869466341651	0.7255187451831637	0.5357179566679254		0.8504686596880171	0.20474111298135927	0.7164481256039167	0.8509031501850046	0.8237165152004007	0.7733502049861721	0.565815700747286	0.6122009162982669	0.8067810727411965	0.7915955832371617
32	0.7818644128160253	0.7316801841124245	0.8801812241380629	0.7246479947771187	0.5424366455252672		0.8514062047242317	0.1984896557195119	0.7196309096083208	0.8533091011283732	0.8278143635839185	0.7779278355110947	0.5696076618496939	0.6199353387277311	0.8165625164728879	0.7923003971594385
33	0.7828993706987688	0.7288666156708301	0.8822661320862492	0.7260467285869296	0.5393540267625909		0.852702276088582	0.18346469729574574	0.7191286249335336	0.8556305292574853	0.8283150453899248	0.7805623629717349	0.568113451531739	0.6193639122501771	0.8156015614630696	0.7952622649793052
34	0.783299965339517	0.7249059115788639	0.8844247818637995	0.7233351763989374	0.5435377544258951		0.8528899712423175	0.2012023296595431	0.7207202077116306	0.8563701470148728	0.8336067790179473	0.7818746479269704	0.5755492777811612	0.6285346552188942	0.8153250759887126	0.7969472538223635
35	0.7841238428023641	0.719989466349	0.8831483671830808	0.7271745767323328	0.5461714567347328		0.8539963132427264	0.19922350853646706	0.7245545812115585	0.8569796221149304	0.839546092815513	0.7850923205950529	0.5684136775002667	0.6227926649442651	0.8135322082946493	0.793227740571495
36	0.7827778523132677	0.720215196782053	0.883978219073462	0.724819494324771	0.5462679955418236		0.8534196240633892	0.19179367159568617	0.7250013154897973	0.8566169023724948	0.8346982465240003	0.7861003224710758	0.577431644756902	0.618447902882711	0.8099379753083337	0.7940838766557192
37	0.7842260864090693	0.7207531601839937	0.8833571473989097	0.7298448226455898	0.5455221258065411		0.8535817298039601	0.18733979562242775	0.7208100466275077	0.857040585831298	0.8349890534262444	0.7884497248427188	0.5968038334980599	0.623566891687731	0.8123604945822737	0.7938718766819328
38	0.7882420274064307	0.7219415780563715	0.8835767253007596	0.7313844659883305	0.5468077715137342		0.8509085630906407	0.20057308926795248	0.7242522038300236	0.8579352998970651	0.8358997412765599	0.7858326947245511	0.6033762462382575	0.6295320029185257	0.808323516571484	0.795206636289201
39	0.7929483245979304	0.713074407274137	0.8854744999534431	0.728949950611666	0.547624184705721		0.8530515941023047	0.19203686994936198	0.7288024608118613	0.8562320968067457	0.8343169544164122	0.7872546033847563	0.6027772413533645	0.6288767926751199	0.8051466532873139	0.7983999044259854
40	0.7960106924574474	0.7113713414343339	0.8862134402874957	0.7314522338386082	0.5494427965190737		0.8520413676202577	0.20244382106407796	0.7252550340022973	0.8571738438728239	0.8359797350667019	0.791481944103992	0.6089990176490057	0.6257358005518814	0.8038514617367667	0.8042664634448119
41	0.7989079205987952	0.7127894748954896	0.8868552693051441	0.729932556446481	0.5457281415959745		0.8526174587291604	0.20424912662597428	0.7254183841386724	0.855809603339547	0.8362823528195328	0.7914310930942496	0.6071216815689835	0.6268932109099279	0.8089481613517926	0.8036943464091476
42	0.803092971489101	0.7152077046927823	0.8877879775113188	0.7283939141560972	0.5480163835198041		0.8530186298521878	0.2097478431623935	0.7254664343463375	0.8574850644163529	0.8356888032800123	0.7914264549371571	0.6060077189194071	0.6237265714367618	0.8114284492563895	0.8032151143240223
43	0.8042292079449718	0.7132000656263529	0.8898777112523917	0.7282735039159574	0.5516113478828871		0.8521702580869345	0.21211170514887442	0.727467341373544	0.8561853846012792	0.8306679722433956	0.7944215328042845	0.6068892316492137	0.627323092990495	0.816163933536199	0.8031253974482717
44	0.8048762888346201	0.7110112398129586	0.8890003560211344	0.7323042391584097	0.5615909456388969		0.8528622625192511	0.21876455659086724	0.7269605259022959	0.8529257169040377	0.8306812295059588	0.795795990375982	0.624018775310325	0.6265915391631864	0.8145576064160568	0.8029858032881153
45	0.8063294052282878	0.7049373134498773	0.8902036927207797	0.7312948398240666	0.5651326474083742		0.8553725117252126	0.22665042527650564	0.7279306830328134	0.8531914834189928	0.8294100955160664	0.7935044878447434	0.6280465068419003	0.636146753574181	0.8191008390222776	0.8029965487234075
46	0.8093897584369638	0.7044900315889123	0.8907898419015204	0.7345651250063017	0.5606306405833802		0.856655808175922	0.22404874299367872	0.7301510090580903	0.8534358434427339	0.8276597771040188	0.7953016345410828	0.6338394289271496	0.639129014291902	0.81566553887587	0.8088903631362266
47	0.8131773884771569	0.7050074040368053	0.8909655018474313	0.7372657357169643	0.5578309453430272		0.8553557650312716	0.22252486056162601	0.732053966785759	0.8526459496474521	0.8301258134339585	0.7981376923181146	0.63451302176629	0.6416034562400995	0.8104785869576592	0.8080456822058171
48	0.813656063364676	0.6979847856244257	0.8901539188935732	0.7386623192216858	0.5556129558894292		0.8554302688638966	0.23956467306237406	0.7344364414349414	0.853581539729531	0.8321700712098968	0.7978954146105973	0.6325679249520026	0.64177073561744	0.8099111482269069	0.8090158555631438
49	0.8123445289071533	0.6960289749592486	0.889773867202374	0.7427722924558989	0.5576367115531665		0.8544568727805083	0.2421958447451405	0.737363622696115	0.8530524680032032	0.8329298244022266	0.7971122055893441	0.6335515977318977	0.640654277768245	0.8075731718222167	0.8080971529518255
50	0.8110637455147969	0.6974409301397372	0.8899511177183324	0.7408846210946362	0.5542255927325589		0.8565766288328442	0.25064193832483	0.7400000764322006	0.8543430305727973	0.8324680818170622	0.795337819940488	0.6329946634678894	0.6387120473051227	0.8103927216673614	0.8084633010456128